477
310
402
380
245
262
316
367
513
338
250
321
473
164
331
349
350
324
451
264
299
267
415
387
265
580
356
359
303
274
456
318
405
354
465
389
190
359
423
391
235
229
293
219
373
363
276
221
368
369
286
327
338
293
349
289
397
300
343
312
358
199
283
304
395
405
339
183
267
397
454
256
269
363
151
254
369
317
283
271
329
498
357
355
372
396
387
420
336
301
293
301
352
320
400
476
431
331
205
399
268
288
272
358
341
283
287
338
435
409
313
269
170
340
360
273
261
265
285
517
477
239
440
403
356
477
338
422
320
430
315
385
215
384
326
303
274
512
315
328
300
306
374
250
453
252
426
271
362
389
199
253
387
297
462
478
172
368
474
466
221
449
225
352
328
363
317
361
342
372
295
247
440
387
459
287
374
312
438
305
341
257
447
357
286
334
404
304
318
323
416
331
468
413
440
365
381
167
374
473
223
255
389
469
354
302
242
280
278
380
296
328
275
156
421
320
236
313
417
300
406
246
259
277
548
336
243
319
189
407
282
400
308
373
286
364
364
349
326
372
321
400
323
418
235
328
209
339
363
360
216
238
300
409
341
266
416
467
423
333
359
345
373
395
240
415
364
406
432
317
330
395
365
272
376
362
301
263
178
349
323
269
365
434
432
358
351
192
290
392
185
597
461
407
306
261
291
406
264
339
348
373
282
423
509
384
312
439
451
299
250
379
194
287
249
352
395
287
324
404
312
430
295
288
432
366
300
393
244
333
446
366
327
345
385
399
455
401
519
349
269
111
238
396
461
270
299
364
387
374
355
357
422
318
277
396
499
349
352
446
397
543
191
306
264
314
144
313
191
370
444
341
329
317
610
320
240
254
352
369
342
265
414
369
223
320
270
375
287
486
286
261
331
272
435
335
316
390
261
244
428
292
384
411
470
373
255
450
232
406
241
298
456
436
438
118
401
333
245
303
320
333
378
291
195
296
337
498
433
399
259
297
344
260
373
295
362
217
308
205
262
333
400
255
442
382
386
349
364
382
387
495
343
233
322
270
345
314
215
315
213
405
295
308
350
423
334
381
341
497
433
412
469
286
416
313
357
478
413
368
234
408
332
382
472
401
283
396
305
277
458
368
200
223
394
379
275
302
388
329
340
313
415
371
243
262
187
352
334
336
389
369
249
396
313
325
392
388
268
223
394
295
402
326
313
319
278
292
390
466
325
394
395
252
319
406
349
447
201
438
470
300
481
338
274
363
437
279
245
389
338
385
335
245
320
335
362
349
412
309
320
357
315
284
411
354
286
410
417
413
424
222
405
341
422
370
267
381
221
481
269
367
320
232
316
396
430
274
400
306
270
241
315
397
286
427
388
426
290
431
363
383
477
352
121
263
412
456
284
388
168
418
346
372
253
359
284
294
386
312
313
286
318
363
278
323
363
283
422
434
202
209
452
326
305
394
326
479
327
408
485
354
274
358
406
349
321
393
290
294
333
286
192
258
251
361
351
463
430
388
346
403
236
364
291
308
311
264
322
447
398
231
292
484
230
353
288
337
274
271
322
411
305
339
405
404
258
237
337
324
270
326
231
297
390
368
385
372
396
303
589
439
410
339
373
330
270
433
322
376
237
363
337
459
317
439
367
348
335
395
364
348
273
177
259
233
197
357
347
273
261
242
322
367
424
423
276
264
410
303
336
199
362
128
434
293
307
363
310
220
338
283
303
345
471
476
283
428
430
256
408
505
404
336
312
412
406
455
307
326
439
190
335
407
367
340
337
233
347
386
368
370
430
343
382
378
296
366
393
461
465
297
386
272
290
286
387
349
445
411
274
326
366
388
454
364
504
401
384
447
301
392
244
312
332
298
446
409
423
333
411
222
390
316
334
450
175
447
321
396
291
270
386
246
123
393
117
335
382
306
237
199
373
269
274
377
323
436
408
181
515
397
218
250
498
270
249
282
534
290
370
422
237
343
314
321
286
397
369
490
402
347
326
352
265
419
289
363
400
334
373
402
474
201
456
270
365
284
378
397
280
329
515
272
316
278
283
337
323
275
336
386
317
231
404
291
428
443
300
323
349
264
334
434
348
324
244
261
433
352
313
419
209
368
507
433
313
319
341
279
335
384
441
441
376
274
429
196
333
262
367
458
345
460
437
250
434
399
306
337
166
436
274
306
378
409
364
346
244
331
234
405
488
243
154
353
259
377
365
254
334
247
374
318
346
376
389
364
267
432
320
264
400
262
394
369
409
356
438
369
326
363
234
264
351
412
281
328
297
333
300
273
414
363
375
295
228
280
392
302
238
199
332
478
400
304
469
170
451
223
418
324
340
328
251
246
323
329
374
332
432
215
270
314
199
368
328
179
211
284
438
274
389
313
301
392
359
379
266
298
408
373
449
367
297
451
436
244
274
308
430
420
328
399
365
475
356
327
391
328
365
339
331
503
408
390
346
190
405
399
359
371
272
344
362
398
340
326
404
408
317
329
275
324
272
412
347
315
229
331
398
294
193
321
422
367
463
58
278
319
443
426
371
308
391
305
301
412
346
358
226
446
355
487
314
314
200
412
296
187
329
287
222
370
401
378
371
352
186
285
352
333
339
221
319
346
299
342
259
257
409
389
369
381
314
326
326
404
348
421
234
314
395
426
325
434
235
308
301
434
233
359
316
384
414
233
339
377
350
465
366
362
337
303
437
296
347
363
308
491
423
128
311
347
344
189
279
393
338
429
438
189
254
437
258
384
473
394
398
412
311
421
337
394
454
313
320
421
247
315
457
365
435
386
348
387
444
350
267
411
467
432
399
367
351
362
358
474
228
184
410
233
337
428
108
393
446
361
423
311
416
360
290
381
258
375
399
274
293
273
367
548
196
354
328
409
262
325
264
360
255
413
334
386
164
346
313
225
306
459
292
477
415
395
365
171
253
359
368
245
496
454
321
382
338
340
341
362
394
440
334
400
267
316
355
437
204
390
322
293
466
305
230
157
353
277
409
288
216
501
311
344
492
357
187
162
269
428
256
349
356
317
221
214
297
362
148
318
305
320
340
376
335
460
332
369
329
324
401
389
486
321
332
349
268
200
444
241
305
245
295
287
380
490
249
371
339
370
377
228
345
435
218
319
302
470
326
273
279
446
371
312
331
282
496
430
304
408
465
355
346
334
260
276
344
236
375
303
359
324
335
343
339
281
351
480
326
383
392
362
275
166
328
333
303
415
343
271
236
340
333
326
358
383
404
342
377
258
316
372
416
261
410
354
352
337
488
318
356
394
306
243
397
257
254
395
272
468
363
342
454
270
332
327
376
254
372
453
381
178
365
328
254
383
293
357
265
447
346
484
370
387
398
309
341
433
320
305
251
205
394
382
223
290
273
328
214
328
424
330
369
341
396
325
380
350
353
370
205
394
422
302
405
293
413
272
354
468
287
260
312
336
340
367
453
141
384
454
302
378
273
341
341
327
348
274
335
337
417
369
358
436
430
167
247
235
374
391
261
365
374
407
463
331
223
384
395
295
298
338
387
403
345
397
199
273
366
332
326
536
321
438
393
432
362
282
155
428
227
210
273
330
433
339
441
381
391
324
303
360
305
322
427
508
257
380
402
308
313
383
142
156
295
339
357
339
312
346
268
415
325
473
348
462
309
436
262
434
272
392
387
348
439
363
246
355
389
322
285
458
182
472
387
382
417
241
266
422
369
343
265
323
274
103
280
336
440
422
447
332
361
405
367
309
236
354
495
347
294
342
459
193
427
301
238
287
277
316
246
422
319
394
179
331
242
375
348
263
318
239
321
296
373
245
345
383
426
185
134
302
388
396
384
231
234
410
350
230
288
430
350
360
299
375
305
256
464
504
344
260
266
295
408
374
431
332
382
381
481
412
278
442
406
280
371
359
398
347
360
456
326
319
344
358
431
340
436
320
273
299
304
326
397
368
477
139
293
279
440
241
253
384
392
320
284
317
331
397
322
328
360
392
366
254
352
378
377
336
232
426
396
365
311
200
480
268
409
511
325
466
250
254
284
299
390
290
301
525
318
466
357
202
323
450
205
450
412
227
341
418
293
409
270
343
268
375
377
363
186
282
365
266
419
400
367
156
239
393
347
336
343
316
451
313
345
292
431
380
338
465
198
217
312
342
294
569
273
249
235
346
324
414
262
338
202
445
284
396
412
415
369
330
171
414
357
281
216
301
348
297
291
363
471
158
321
334
325
345
504
487
276
252
308
183
253
314
243
279
395
270
338
384
352
396
333
254
228
291
145
250
321
347
398
318
285
202
483
376
433
311
380
276
232
604
197
321
184
430
237
325
263
299
316
319
309
260
232
345
312
279
381
410
250
294
390
290
325
228
462
272
325
586
520
352
417
296
274
336
436
418
356
354
326
432
449
279
327
433
326
410
388
367
394
317
319
369
501
315
300
317
320
286
291
408
310
174
447
239
406
361
286
334
503
298
247
373
248
319
339
501
458
268
342
393
259
390
170
303
351
269
352
396
422
329
302
250
264
372
485
414
339
280
313
270
317
304
324
365
298
293
276
312
312
380
286
177
303
348
377
421
339
239
313
447
349
251
311
347
563
401
468
407
292
322
276
477
332
346
473
263
328
531
368
321
226
473
273
202
270
232
172
321
351
296
334
467
286
196
343
337
472
270
336
370
294
237
360
463
393
189
383
396
329
323
319
201
413
373
307
271
333
398
436
278
392
208
209
423
303
318
428
394
174
221
300
382
210
200
403
359
252
346
278
233
375
243
270
278
411
203
348
612
277
468
262
403
467
357
259
301
287
252
423
199
276
385
328
517
480
400
317
416
408
352
408
309
489
236
357
323
277
336
282
451
365
368
398
362
381
307
193
322
255
338
348
429
220
233
351
442
316
399
378
313
299
319
252
273
431
197
386
481
381
400
282
344
211
363
373
459
414
403
322
377
369
220
398
323
383
417
329
251
319
308
297
250
385
358
233
373
440
319
267
376
321
337
382
387
366
416
354
363
443
439
342
245
258
430
302
277
236
294
400
472
247
457
366
548
494
97
278
280
344
379
307
267
344
462
325
346
264
445
323
212
473
434
384
442
371
330
240
394
321
527
268
311
358
344
349
360
324
342
271
510
417
376
276
465
588
402
432
418
410
375
245
372
351
315
273
303
502
215
117
439
319
267
476
272
418
324
390
208
535
471
292
313
436
406
315
351
388
254
343
333
253
246
336
421
350
309
292
436
381
243
292
212
269
316
347
347
217
423
296
377
323
368
324
253
489
401
253
366
400
326
265
432
362
347
309
470
279
215
408
343
382
393
423
398
328
330
353
367
325
344
316
247
429
436
397
369
413
289
467
367
300
303
492
354
255
297
286
419
495
449
367
335
290
388
337
322
303
526
118
258
380
341
248
569
330
429
417
493
383
243
359
408
312
391
372
419
335
447
367
328
351
331
479
418
368
390
479
416
279
262
382
384
203
357
322
326
280
349
314
254
287
454
401
338
363
388
437
402
319
340
390
374
299
347
302
183
335
311
277
321
279
307
267
228
330
321
229
296
459
180
208
318
303
318
353
240
552
440
367
309
310
313
249
183
251
263
238
446
337
294
304
332
422
362
500
296
344
214
429
299
243
393
462
318
365
220
296
343
322
289
418
278
268
356
275
382
244
239
374
301
295
214
261
245
369
379
394
278
383
217
390
297
312
239
394
412
271
345
320
370
410
296
425
373
374
425
389
419
352
365
356
364
357
459
450
351
228
296
311
438
329
326
488
302
491
286
355
285
334
325
422
352
279
378
390
405
327
245
414
395
312
432
342
272
379
344
345
483
372
294
345
371
363
328
335
390
303
260
259
301
418
282
417
270
347
350
290
422
269
377
383
405
297
470
370
351
384
488
347
461
391
350
318
314
328
444
229
428
325
403
415
448
398
265
339
255
309
335
445
321
323
291
300
211
374
336
262
349
335
248
373
336
309
365
317
363
337
271
451
289
385
415
239
407
424
403
399
296
239
376
293
296
264
401
331
269
310
249
199
358
262
479
374
495
350
411
397
216
513
170
476
284
437
355
269
432
319
393
292
510
393
276
416
360
369
298
252
296
369
297
365
176
357
349
344
315
257
488
360
307
269
291
257
314
345
351
264
388
379
335
222
309
418
394
335
350
297
245
288
255
461
290
248
389
359
371
250
387
344
398
344
255
340
308
416
352
485
192
312
259
357
397
383
472
232
438
400
347
336
347
340
283
379
280
357
410
277
279
320
370
289
304
462
229
243
411
472
354
398
421
299
305
435
355
346
391
347
165
382
324
222
284
351
306
476
306
434
414
351
199
454
422
308
402
294
275
325
393
353
165
385
353
283
213
190
493
351
352
433
489
169
369
440
394
446
373
284
468
308
333
270
284
165
241
339
361
335
340
374
270
429
366
370
325
249
200
303
156
364
326
368
155
260
437
357
474
398
442
334
280
221
229
469
304
197
182
526
364
508
214
217
216
378
220
378
295
510
330
306
358
323
321
276
372
409
244
313
374
315
203
248
488
223
274
356
325
295
371
175
341
193
315
411
411
306
355
377
269
321
389
389
433
289
329
379
453
356
339
357
215
353
359
362
307
371
171
243
220
155
305
349
439
289
199
265
410
210
361
332
375
240
296
506
366
405
348
394
341
385
327
412
305
237
240
306
322
316
349
330
246
382
158
149
212
254
347
430
366
375
247
418
393
322
378
466
340
424
615
184
286
347
328
343
350
440
385
330
358
466
400
475
289
329
424
243
335
416
319
491
264
343
313
266
345
358
290
392
377
370
235
351
387
389
375
417
321
373
367
203
330
450
393
297
408
486
334
226
273
208
426
281
458
357
371
371
177
384
297
328
397
410
324
401
367
382
316
323
424
410
335
338
374
211
308
475
237
328
346
261
442
608
349
342
383
441
428
385
379
278
310
396
364
384
253
491
281
368
445
336
438
381
441
280
459
430
367
408
385
477
241
272
270
405
340
403
303
291
325
256
215
368
267
472
294
227
272
329
346
464
284
330
400
372
247
228
413
228
356
273
282
282
281
425
311
429
357
281
317
329
242
349
295
275
225
368
474
356
388
273
356
240
387
457
375
307
261
459
440
362
323
399
341
244
265
411
570
362
301
369
383
275
373
439
334
321
489
295
499
380
455
254
333
189
492
341
414
441
347
420
328
340
323
416
375
374
413
367
458
258
243
390
409
193
356
382
480
428
329
198
316
341
300
283
186
366
280
278
391
444
438
414
334
365
398
252
327
358
280
412
248
288
436
158
378
257
302
322
322
281
239
265
327
244
460
360
375
179
301
274
385
259
327
365
440
382
361
282
395
287
393
403
385
365
302
250
350
421
290
257
387
353
307
222
440
378
277
358
322
373
387
230
287
319
484
298
256
237
356
241
413
334
386
297
409
460
279
221
331
204
420
397
439
223
464
313
298
445
428
257
462
263
356
334
428
405
307
384
412
392
376
145
443
261
466
335
370
177
327
360
363
295
528
231
338
313
488
347
398
437
193
293
361
259
357
267
343
422
493
186
506
319
314
290
359
299
272
301
259
353
367
209
268
345
551
252
298
328
467
371
309
337
324
323
549
349
252
515
469
305
245
482
356
347
415
302
366
484
273
345
202
349
402
383
465
348
362
307
406
387
308
311
349
387
299
295
482
374
351
321
434
383
300
183
278
345
323
377
370
339
333
214
330
301
371
312
313
392
284
376
412
240
173
152
454
362
380
335
272
394
432
425
229
365
396
179
191
289
515
311
399
334
479
346
288
333
432
331
465
291
289
378
327
428
378
436
312
212
377
389
382
489
335
269
350
217
393
338
422
321
340
371
414
268
292
463
462
493
450
340
345
331
417
268
276
355
295
307
418
435
277
454
357
316
431
328
439
145
364
286
399
346
429
444
412
311
277
228
263
213
317
316
418
134
353
252
379
411
231
325
335
462
389
374
291
384
356
395
353
504
353
312
274
283
356
432
493
277
471
445
269
137
525
396
255
366
413
236
325
375
302
453
214
232
384
235
351
319
418
269
443
346
331
366
301
321
342
220
226
288
392
362
251
333
414
287
304
391
385
419
355
292
220
358
412
316
239
297
322
421
287
488
353
463
307
359
442
252
236
311
339
330
250
365
393
362
156
433
397
208
314
334
368
402
361
401
352
356
280
339
266
394
268
399
306
349
444
266
370
421
232
348
350
441
309
158
408
437
471
442
308
266
240
302
298
364
333
285
384
367
176
318
521
365
357
445
260
396
475
369
347
304
285
203
350
332
209
308
410
415
322
284
331
348
439
255
278
323
371
518
384
394
343
451
295
280
381
308
296
483
305
313
458
338
432
221
281
317
465
263
339
240
396
383
444
249
253
396
485
384
326
290
181
310
495
419
247
329
274
449
396
251
244
364
433
328
326
350
252
403
405
237
276
376
425
370
325
380
406
412
193
246
359
305
324
365
239
277
446
441
231
208
349
255
236
389
389
355
398
241
284
342
406
299
330
310
405
474
313
340
281
405
365
338
415
309
212
364
349
394
309
453
402
381
307
259
326
278
342
404
208
307
237
360
339
225
499
295
350
356
200
219
325
375
302
290
416
299
313
179
357
343
350
293
268
441
412
382
421
329
336
401
375
374
400
310
403
200
285
236
347
328
216
372
387
302
302
316
364
414
309
348
396
206
261
256
407
350
246
436
393
234
368
479
448
317
377
424
254
329
380
327
364
296
342
410
437
374
357
277
230
384
247
368
236
374
302
321
276
395
332
249
324
433
227
470
347
306
387
410
205
247
498
215
162
338
348
226
211
233
427
292
279
278
444
345
288
409
316
281
212
430
336
241
533
415
322
220
369
242
235
283
416
235
235
139
313
298
315
343
435
359
173
345
442
364
308
451
314
263
270
327
402
299
388
192
352
360
335
363
192
371
276
266
398
461
400
283
344
335
297
373
345
445
428
204
307
358
368
193
242
516
370
400
294
265
239
363
356
261
387
264
430
295
364
325
213
315
340
398
274
271
315
424
432
336
367
405
437
295
299
268
330
320
508
366
314
347
251
347
135
185
502
242
290
252
433
461
332
366
335
388
331
459
286
377
405
337
255
329
311
228
486
319
186
276
322
314
349
330
246
295
488
361
500
296
450
296
341
278
339
325
405
505
538
397
451
201
359
264
350
190
311
369
379
476
382
285
352
525
542
288
321
296
277
326
346
311
270
545
257
540
394
357
319
398
417
387
430
409
425
521
502
360
449
320
443
388
274
208
330
364
391
380
226
370
367
440
194
446
275
377
265
227
353
353
444
264
437
367
361
374
320
252
338
320
550
453
339
355
501
135
349
311
351
210
343
399
362
251
575
411
317
468
382
170
395
380
344
382
297
438
380
256
256
515
233
268
380
356
401
267
306
427
328
372
327
442
333
451
279
371
341
405
454
244
484
199
453
317
277
466
263
471
302
381
395
338
285
315
496
418
333
200
203
364
330
209
354
421
422
281
233
321
200
404
373
248
368
349
359
117
343
427
302
288
310
146
392
310
342
330
364
336
290
344
399
223
279
365
452
263
173
379
369
325
531
419
293
309
466
422
389
294
348
361
330
343
408
309
356
238
293
376
229
356
324
337
380
374
378
290
420
519
369
413
288
226
279
442
328
512
365
338
289
446
294
371
353
322
336
362
217
356
382
384
213
480
354
171
323
279
325
438
350
291
273
408
277
235
234
100
346
331
342
503
337
388
337
323
383
398
329
252
370
276
391
334
345
340
288
487
374
398
457
316
429
427
209
226
386
382
361
531
449
502
218
173
458
313
525
288
297
338
374
383
451
367
353
235
416
392
329
317
348
269
305
415
334
395
364
304
306
311
317
345
390
293
423
287
421
327
284
384
204
421
347
222
513
240
187
434
301
432
424
310
333
340
255
314
369
385
252
456
326
505
454
427
317
369
244
308
484
454
279
289
305
439
281
198
412
456
507
315
314
358
241
301
340
343
268
335
242
383
282
198
330
253
338
305
418
322
231
365
355
242
427
379
353
267
343
268
111
236
395
491
262
479
204
443
440
393
367
419
240
362
212
331
190
352
255
309
277
412
318
478
363
619
298
125
335
237
400
310
392
309
430
287
331
423
363
331
292
148
483
339
516
280
507
329
364
428
418
281
309
363
379
359
337
214
313
375
219
318
360
401
398
250
466
360
324
407
332
334
364
417
413
368
385
461
326
294
208
443
309
375
380
306
380
399
439
355
267
318
330
373
259
332
300
398
345
363
179
351
319
376
428
275
166
365
269
422
242
194
339
264
323
237
227
231
259
316
310
370
257
298
316
531
274
410
407
286
134
409
352
489
169
329
266
269
363
370
379
347
306
470
305
298
352
419
352
367
289
315
386
231
357
440
441
387
247
291
495
424
281
304
283
344
433
446
388
431
332
352
315
284
445
414
374
377
328
409
423
340
386
317
353
361
393
356
389
387
290
297
316
300
366
251
366
270
312
399
490
465
434
311
401
426
269
333
317
434
349
393
320
283
345
290
311
200
416
346
218
306
374
518
345
433
279
414
391
414
414
314
282
407
236
397
382
273
300
419
441
309
531
429
462
370
327
370
254
311
394
468
285
278
215
194
242
215
289
307
490
177
264
353
411
197
324
487
542
358
216
263
338
248
304
231
277
289
259
365
445
253
421
470
292
321
389
270
320
255
429
267
425
399
375
358
425
496
265
387
363
283
390
396
230
279
387
355
326
442
476
332
312
195
456
159
433
251
537
454
412
373
385
395
318
373
334
353
305
324
343
294
372
315
390
294
299
367
234
347
329
229
340
347
276
517
348
380
329
361
383
414
216
373
450
297
342
322
250
393
299
296
388
320
437
399
257
316
256
331
420
415
420
337
349
275
369
389
319
250
405
413
279
347
316
411
231
298
372
378
433
288
233
338
406
348
486
207
382
329
477
358
365
332
458
220
256
392
296
333
287
332
342
333
251
278
376
314
357
424
375
432
333
316
406
341
374
371
307
326
242
285
337
264
371
271
256
330
406
381
295
405
301
426
415
412
424
499
360
354
196
413
248
242
277
315
367
370
383
268
386
385
452
479
374
277
340
451
402
190
534
303
425
353
297
254
350
156
399
245
341
476
447
406
193
353
392
423
300
239
331
203
299
306
299
473
420
251
238
270
403
364
536
458
267
306
391
248
287
359
300
212
293
363
200
378
454
303
193
394
335
330
208
382
307
354
348
461
300
268
316
255
482
322
376
416
366
341
230
140
347
286
267
347
221
437
443
195
409
457
300
400
426
372
274
295
340
292
395
360
288
458
261
357
209
231
404
448
366
242
402
324
369
384
311
282
236
486
306
344
248
374
255
378
364
303
324
338
311
415
294
356
191
394
279
299
163
405
393
324
345
388
321
357
371
333
345
427
370
330
391
331
326
324
308
322
331
386
285
422
330
335
305
256
417
357
261
278
448
405
238
369
303
403
236
409
365
346
334
234
333
480
247
338
427
327
267
334
343
380
318
231
249
383
223
285
319
326
235
497
483
391
381
455
311
347
367
283
455
426
322
371
452
269
327
278
146
355
227
499
168
170
359
243
387
136
204
291
299
220
317
384
277
356
251
296
265
416
430
447
333
366
409
383
305
431
468
389
264
426
356
424
462
472
265
262
264
216
357
319
290
325
303
188
477
435
320
404
526
343
300
440
308
415
422
218
302
309
290
229
356
370
359
355
413
403
458
312
486
255
331
192
299
301
308
384
247
439
241
261
286
373
227
492
286
367
350
215
310
339
407
375
399
377
318
193
505
374
344
420
355
531
241
308
319
311
324
302
274
400
387
397
409
383
363
332
452
501
292
453
368
269
288
251
329
391
468
378
325
363
280
353
236
329
287
323
361
375
472
235
263
234
401
470
441
342
321
281
283
355
301
300
234
269
335
286
429
316
306
279
450
344
442
362
284
257
355
347
315
249
424
377
513
444
264
341
451
394
424
365
290
359
464
385
459
367
295
353
368
348
530
351
333
205
333
277
384
371
238
424
216
277
344
371
265
378
313
251
320
380
356
225
363
501
372
352
316
416
326
338
253
280
185
245
240
331
448
331
246
317
316
332
211
533
345
361
322
403
347
405
257
349
434
407
377
540
379
311
349
327
597
388
421
429
138
400
356
238
403
420
426
368
248
451
395
293
391
313
220
346
348
215
315
519
277
392
395
369
356
380
454
408
288
329
390
377
353
289
202
311
421
407
339
270
226
331
232
227
365
358
389
401
336
399
254
318
278
208
465
376
333
318
343
398
260
292
382
150
218
264
376
353
393
232
246
275
274
435
320
373
431
437
241
319
301
402
307
400
340
346
327
261
461
250
318
320
339
457
255
493
402
441
334
299
282
476
270
387
267
276
356
337
356
183
352
278
407
259
442
472
374
353
326
349
447
420
353
364
356
375
316
344
290
371
399
244
306
377
304
264
290
366
275
261
342
327
281
340
194
358
463
321
365
309
299
334
336
343
275
389
341
318
299
375
292
334
200
346
272
447
265
312
353
498
409
421
302
372
258
265
217
377
276
295
293
330
530
251
281
373
368
326
315
386
237
382
418
417
405
238
501
353
410
229
332
427
459
425
342
256
371
281
336
350
436
222
349
355
379
346
300
450
355
316
461
230
398
236
451
331
241
355
335
386
367
311
256
308
285
279
276
314
468
224
319
252
294
333
421
479
396
443
376
380
325
238
442
192
228
389
263
400
381
239
332
445
269
412
270
328
324
300
352
381
201
219
357
177
343
308
410
398
371
416
271
339
271
262
286
295
455
220
416
264
290
386
252
273
406
283
382
454
217
382
504
388
370
435
355
315
335
265
326
339
348
392
382
446
499
325
409
285
387
425
304
245
479
454
179
452
357
327
459
310
278
325
337
417
345
347
310
265
389
391
439
418
285
273
285
428
238
386
298
301
375
286
400
152
288
222
235
189
445
279
389
439
315
351
471
293
484
413
338
295
475
366
212
244
312
413
301
302
272
242
246
284
362
291
245
455
336
348
346
227
267
454
246
282
430
420
298
214
461
394
276
310
295
378
332
530
183
426
259
388
307
145
316
390
395
411
138
338
476
327
374
389
361
419
211
131
395
414
176
326
413
197
374
330
198
348
341
450
233
465
407
365
256
246
212
432
240
234
337
403
446
254
382
301
461
371
404
271
324
272
291
418
378
275
325
488
350
386
219
349
291
546
409
428
228
376
338
335
396
406
396
399
333
427
303
302
431
319
433
318
367
425
490
316
304
399
301
371
433
272
110
407
329
388
288
392
421
317
372
166
367
354
350
399
350
236
476
364
313
326
201
275
325
156
342
139
553
331
363
392
397
405
142
280
276
390
328
340
321
326
354
260
262
303
309
288
481
401
278
388
364
271
232
424
342
294
317
549
292
353
328
406
311
375
197
309
308
465
336
493
334
325
395
366
396
333
395
437
342
472
332
473
378
504
395
367
465
439
316
269
327
314
374
213
324
271
372
355
282
234
381
325
346
491
363
425
202
272
436
378
423
259
406
289
358
368
290
296
257
396
431
515
401
362
443
419
385
238
407
245
260
322
294
338
323
270
294
304
302
300
295
368
308
277
384
288
368
390
356
371
403
446
350
359
370
277
339
397
398
365
394
315
295
454
318
252
348
274
394
215
241
289
278
317
301
435
253
418
187
427
337
445
415
354
400
252
373
446
147
312
247
383
316
373
336
315
210
290
310
436
259
519
263
254
265
361
366
295
427
499
269
431
431
312
306
391
384
428
392
352
363
322
338
301
340
191
370
395
376
382
328
376
431
492
476
250
432
192
440
350
305
142
182
369
300
309
345
395
330
364
274
422
389
325
200
279
281
411
282
299
148
350
321
355
357
442
272
348
430
231
346
358
353
330
237
159
280
203
347
336
269
171
344
486
420
340
347
345
405
332
413
336
320
487
231
356
486
263
329
310
267
333
497
275
339
308
312
276
473
362
224
417
249
319
235
302
246
286
404
251
278
270
224
369
352
420
207
311
279
294
349
423
378
373
235
376
272
530
301
333
302
284
400
345
441
186
383
367
415
310
387
327
398
341
473
352
229
452
378
404
290
264
285
296
349
391
364
361
328
369
415
492
292
302
325
403
213
371
301
427
346
542
357
316
329
338
358
281
311
327
327
335
417
354
460
309
266
297
307
333
311
302
450
185
418
384
283
378
403
346
412
346
298
222
302
370
192
175
305
474
227
479
229
500
396
345
424
456
418
356
273
184
259
343
365
378
513
297
261
328
310
352
387
402
374
250
356
332
295
308
373
350
463
276
421
332
349
350
387
414
266
381
397
342
387
270
347
297
308
224
357
243
361
301
266
337
413
267
492
330
327
513
334
424
228
475
318
419
388
207
342
254
372
387
458
367
486
202
172
352
342
370
284
284
304
486
179
410
391
290
483
421
206
271
348
392
420
384
430
261
368
424
371
231
266
213
466
353
366
294
240
342
375
200
248
355
286
310
350
433
324
378
305
485
286
493
346
434
477
364
281
250
292
267
251
249
224
326
223
271
309
324
330
418
298
357
302
344
263
362
261
403
350
300
354
393
364
230
427
563
283
304
199
372
359
288
421
294
432
254
323
268
243
240
224
419
338
359
160
287
345
288
211
420
140
383
432
222
339
394
448
332
328
500
275
140
271
302
331
331
257
338
378
238
406
263
330
275
261
492
282
277
272
355
255
247
456
374
448
334
418
139
277
470
190
263
422
240
371
341
350
423
383
350
276
369
317
333
421
499
390
293
284
408
187
383
327
230
462
359
398
403
389
279
390
261
241
442
376
489
123
293
317
393
247
438
157
282
374
369
438
390
377
81
321
282
215
350
403
354
292
262
425
356
364
441
321
171
466
398
374
436
346
309
466
377
362
476
440
293
455
456
390
430
246
297
254
415
368
424
331
359
331
376
270
289
386
275
336
287
384
199
273
289
405
238
354
427
388
520
460
430
435
399
451
303
223
338
350
254
127
336
311
357
320
233
171
445
411
359
216
384
371
272
418
190
277
296
291
425
301
445
364
302
223
327
417
202
350
260
393
420
397
269
293
311
342
401
282
333
363
293
377
424
356
304
368
467
377
154
422
273
340
366
457
368
435
342
398
296
238
304
340
309
345
249
364
144
394
375
366
346
360
303
241
264
364
497
410
442
323
212
334
455
399
393
183
248
419
378
424
344
335
436
416
351
289
339
343
302
335
237
339
299
415
467
300
254
254
369
448
398
261
272
306
396
472
326
314
335
413
314
330
240
326
334
367
321
280
276
227
404
329
296
419
198
345
226
418
444
307
362
366
329
458
260
420
315
397
332
289
357
274
352
402
374
260
212
524
268
332
304
226
327
303
341
147
253
408
326
402
351
368
326
316
441
327
369
335
358
308
399
336
256
384
433
393
460
334
274
273
268
289
341
146
411
426
298
382
332
225
298
323
298
347
255
261
347
305
196
305
368
378
426
298
255
387
384
353
318
342
304
384
316
409
441
476
301
304
514
312
383
339
414
268
391
252
416
232
403
329
360
268
363
333
315
185
236
304
436
390
362
370
421
344
356
206
377
323
357
316
422
518
425
254
368
245
340
326
346
218
404
356
360
487
404
388
462
394
401
396
318
474
319
327
272
390
235
325
321
323
369
333
388
320
398
362
455
388
400
237
450
235
405
220
309
308
400
370
295
366
379
290
284
398
395
385
247
343
333
421
430
295
467
341
332
356
526
416
308
414
410
327
309
166
355
340
239
238
358
465
413
394
310
485
403
358
206
297
224
445
451
374
277
303
399
391
265
428
375
273
360
279
344
257
291
317
352
289
447
348
254
348
390
302
224
404
374
329
336
371
239
368
293
366
338
283
391
246
308
263
325
407
330
226
442
242
468
287
345
468
303
459
326
280
301
322
135
345
256
398
431
324
254
439
358
365
427
313
388
377
317
391
429
250
476
462
292
156
293
306
403
270
437
373
329
307
361
275
252
516
353
430
316
210
393
422
437
340
443
242
405
306
229
410
279
344
297
326
325
256
302
178
388
212
276
250
193
399
279
366
380
261
331
292
329
341
400
447
218
360
397
434
271
333
228
385
429
282
376
346
338
356
401
274
429
265
399
460
375
380
227
372
381
204
224
366
343
291
359
426
400
244
325
265
142
265
392
335
351
331
327
373
412
506
352
149
404
408
291
388
317
358
439
178
344
402
468
240
377
318
372
294
333
438
461
558
323
373
374
400
272
314
443
442
424
376
402
254
435
253
204
298
401
287
337
345
355
315
312
506
362
452
225
477
226
435
242
429
324
363
326
446
367
279
348
258
490
223
491
425
324
313
157
355
391
302
298
292
475
261
480
249
382
360
330
204
236
332
313
370
223
235
373
298
370
403
404
245
374
305
214
418
170
252
213
290
387
358
405
372
191
332
350
318
298
299
364
283
295
323
449
212
405
316
197
327
460
475
384
345
413
335
278
420
317
325
295
329
332
397
433
432
360
233
436
182
142
179
364
390
265
407
403
377
317
335
306
327
345
366
402
210
193
407
482
321
276
319
437
350
209
273
315
252
359
375
229
274
263
251
206
315
399
361
280
339
361
295
407
245
251
302
300
246
299
341
223
262
509
292
514
245
253
361
345
405
352
430
351
362
205
312
170
389
216
239
303
366
378
289
192
413
262
319
198
405
422
411
292
196
360
310
382
413
292
182
386
86
283
278
297
351
320
351
389
378
327
275
325
367
296
344
394
350
311
268
199
409
393
388
273
249
406
295
254
356
301
156
242
481
197
355
433
374
300
279
349
340
349
462
285
240
277
362
284
532
280
372
401
390
327
425
330
230
406
425
463
435
323
418
313
254
223
426
520
310
296
304
276
162
381
411
316
259
281
300
274
295
421
334
265
262
463
471
328
295
357
278
373
324
366
378
438
360
419
353
216
241
277
276
338
176
409
345
312
407
349
282
402
347
309
477
337
197
536
332
410
360
369
389
275
353
243
460
346
474
234
212
317
301
208
454
233
372
465
376
203
483
317
323
444
413
203
335
371
330
323
255
480
377
442
370
382
375
273
420
332
446
383
200
431
331
318
227
536
290
427
467
389
366
267
183
358
274
390
423
344
337
342
365
401
371
336
341
329
274
188
390
331
404
335
312
298
441
345
403
352
419
339
339
169
299
321
281
321
407
487
418
192
269
448
346
294
453
480
296
261
274
403
260
384
415
343
318
333
313
236
442
209
455
225
244
468
330
287
465
315
297
246
409
262
335
405
409
321
212
314
329
495
297
222
316
205
267
361
234
394
494
387
364
245
370
273
379
278
312
299
432
310
398
512
268
310
313
254
264
326
261
379
356
306
336
472
357
330
244
376
204
288
248
479
466
468
331
256
381
293
262
286
315
340
282
323
308
343
254
433
429
391
492
284
428
112
233
301
330
430
310
354
348
237
269
287
360
422
279
481
224
349
350
360
342
343
229
310
281
259
241
205
385
405
298
293
364
337
425
417
317
505
337
386
300
384
332
475
268
374
396
262
354
304
212
238
381
334
528
196
291
295
320
392
337
378
356
471
311
379
463
168
299
232
327
369
329
351
379
295
344
396
321
346
360
335
339
448
367
210
365
444
324
128
391
302
295
406
309
388
437
344
305
294
488
375
425
262
312
269
372
363
345
285
311
323
477
402
188
239
160
228
434
408
368
326
362
292
487
455
347
260
388
380
258
292
322
327
387
348
273
249
338
264
229
430
433
339
309
425
226
365
358
388
257
226
494
212
321
305
371
271
425
435
281
264
387
292
388
277
375
275
483
221
244
455
471
364
295
341
230
367
417
338
351
188
397
316
293
349
363
444
313
246
292
442
226
441
416
402
340
434
250
501
239
409
332
439
211
475
258
290
423
427
255
209
218
456
383
331
384
347
289
283
316
355
422
342
350
356
314
350
438
375
440
366
426
186
398
240
351
451
312
190
397
268
442
340
426
332
331
238
441
183
384
288
327
267
383
296
308
403
459
337
368
251
312
176
382
415
336
470
339
419
324
298
329
304
296
375
377
318
282
435
189
373
289
327
331
351
225
410
438
305
381
301
448
417
389
322
358
431
468
563
227
421
519
319
397
458
320
276
319
326
291
334
233
370
329
520
425
458
518
345
370
260
317
461
260
343
457
401
361
298
309
201
238
299
371
336
423
203
351
397
238
165
400
302
242
471
192
318
227
366
324
521
490
278
389
166
338
414
401
457
255
373
255
377
416
390
392
342
428
492
382
416
246
364
413
355
448
372
424
192
353
280
288
421
363
306
337
441
448
226
363
290
312
480
314
356
278
282
460
288
275
338
307
284
473
434
400
241
280
339
346
441
349
436
362
475
273
421
392
342
292
298
356
325
389
241
246
600
384
214
347
434
314
368
416
429
450
384
328
330
371
433
361
293
362
218
416
187
257
426
309
497
270
330
271
445
244
360
292
351
378
392
187
336
220
286
426
450
318
382
342
265
355
292
315
249
309
359
321
239
394
422
332
430
363
365
382
267
433
313
333
345
335
358
307
248
335
435
308
362
502
437
318
245
387
468
327
361
316
397
300
447
274
296
301
301
377
367
370
506
322
388
401
402
380
241
409
324
373
233
342
280
255
403
324
208
243
412
316
335
372
263
300
365
210
241
373
389
300
386
299
134
333
359
364
369
270
196
301
447
370
396
234
425
456
361
284
339
159
306
294
378
221
477
426
473
320
202
213
212
352
410
425
427
425
371
394
246
335
360
398
397
326
360
287
250
264
469
427
226
318
432
328
565
248
290
418
361
287
346
310
235
243
363
268
498
146
203
356
444
351
301
340
484
165
321
541
454
343
189
336
354
479
344
354
171
465
287
269
336
316
391
244
279
303
154
393
228
306
214
266
336
270
343
370
333
346
254
342
352
331
288
374
312
339
300
279
292
193
365
449
288
224
331
396
248
320
360
353
204
358
445
359
356
381
363
342
370
301
466
313
244
258
241
298
359
231
345
218
514
387
372
320
389
453
239
390
326
222
322
362
176
450
281
288
306
267
371
291
166
495
450
329
340
305
352
377
416
309
254
320
344
257
433
419
334
202
530
273
196
392
313
391
401
465
342
328
244
397
240
395
440
359
312
171
357
247
548
334
302
277
450
530
509
421
410
190
212
532
337
321
267
336
350
299
320
356
292
197
447
341
376
292
412
317
253
451
240
311
273
247
467
332
429
259
224
352
374
465
280
228
421
364
468
375
247
251
347
488
368
325
266
303
436
350
275
344
330
238
403
395
291
376
330
390
401
377
174
303
387
232
234
401
244
301
438
469
302
251
318
286
493
304
469
407
347
256
244
314
413
343
213
201
370
295
306
280
346
328
257
389
497
178
225
274
191
355
248
393
495
315
437
335
315
225
466
259
258
66
412
201
364
367
396
292
282
376
325
351
343
263
343
383
399
389
292
285
371
439
286
182
349
281
210
357
459
335
254
315
363
431
446
255
486
295
402
284
214
362
362
210
390
219
277
387
434
385
317
340
196
420
346
294
238
255
265
485
361
294
318
129
329
229
513
392
437
344
528
197
434
360
349
231
287
259
334
467
289
292
379
254
319
321
263
348
194
423
297
259
371
413
365
294
314
353
297
227
337
271
233
513
376
336
387
248
268
400
139
219
372
416
246
300
418
273
272
95
218
258
317
298
279
393
417
391
392
319
294
318
274
405
195
294
450
321
428
264
324
289
304
349
286
250
221
336
396
361
254
344
348
316
369
307
286
266
514
387
331
310
341
435
264
349
301
345
260
284
380
326
382
345
152
272
255
435
410
264
371
338
361
220
232
277
264
159
229
371
519
497
273
547
275
258
291
251
397
259
388
350
353
370
412
355
390
192
381
436
241
345
404
337
390
333
283
250
305
301
303
520
436
312
255
285
290
341
237
396
205
316
293
321
336
357
296
241
285
288
287
357
425
286
408
258
373
257
336
331
338
304
363
395
240
403
308
249
451
277
304
383
419
368
449
431
342
170
306
487
381
202
264
210
396
405
387
331
270
337
302
257
180
365
273
383
348
333
291
231
370
281
339
335
260
359
377
299
440
357
487
364
274
332
439
178
331
235
312
495
428
380
268
246
97
373
257
433
355
489
244
290
260
316
315
256
341
449
185
398
218
430
336
225
344
534
422
370
381
421
329
480
452
241
307
344
378
343
398
281
298
270
159
293
363
319
456
425
377
373
383
480
367
395
322
391
347
327
357
319
454
285
319
359
364
401
451
324
406
463
337
230
361
473
275
315
455
402
499
202
387
364
209
298
243
379
484
336
378
191
346
370
315
367
342
296
323
260
442
406
403
428
300
262
296
276
421
476
415
537
326
399
392
330
202
370
281
295
281
347
151
426
276
279
304
300
525
256
293
356
231
153
418
424
389
420
292
520
329
355
354
276
419
228
375
353
339
347
342
273
287
300
470
256
451
373
317
181
285
392
254
348
277
396
405
323
375
374
422
266
250
246
205
376
242
158
319
391
363
352
392
424
400
343
344
290
448
275
354
351
442
277
251
475
332
271
407
380
389
217
430
451
293
393
392
415
278
232
467
278
263
419
231
373
218
290
339
391
326
296
285
405
326
313
360
229
307
311
498
393
475
402
155
343
488
282
445
320
377
335
401
258
420
388
187
279
262
440
328
300
334
431
353
211
345
389
340
208
260
391
540
283
387
349
402
267
319
212
238
325
249
449
439
442
264
244
414
309
197
345
264
319
400
254
368
277
188
403
380
316
310
483
451
241
275
270
537
581
401
343
362
386
343
226
363
338
285
464
299
332
381
217
322
155
292
386
320
370
409
362
305
401
454
388
353
407
405
346
351
452
322
253
391
411
239
400
453
160
336
311
442
414
405
358
354
63
378
428
598
376
261
305
375
251
460
372
379
420
301
268
322
365
379
470
336
341
377
241
407
336
420
282
260
360
265
283
447
347
344
382
325
412
324
278
394
365
276
292
277
321
208
549
398
285
249
497
196
313
382
279
307
365
380
390
274
397
333
295
335
239
318
444
505
309
299
450
567
342
252
276
317
332
427
219
379
244
306
321
358
242
345
446
313
373
249
430
385
225
352
347
285
282
430
302
326
287
305
374
246
335
293
328
323
291
302
376
344
407
286
351
271
329
421
303
274
353
416
383
272
373
385
458
335
458
362
381
134
281
338
218
276
413
276
364
325
318
331
400
457
446
221
377
222
355
326
336
380
209
303
409
332
254
433
359
273
409
386
453
440
336
318
327
470
490
245
230
401
332
288
310
394
364
320
307
336
500
357
412
341
472
360
331
359
423
312
398
430
354
431
338
431
320
407
281
249
279
252
306
279
302
395
342
388
388
530
379
225
395
404
413
364
463
338
418
402
347
345
389
285
363
340
336
256
233
286
358
287
383
288
298
539
381
310
192
343
310
343
328
364
338
348
323
273
489
363
371
444
334
414
279
344
389
342
259
259
257
396
214
423
457
103
401
398
284
476
329
312
306
384
291
368
435
248
413
407
450
364
143
250
291
361
351
173
443
210
237
377
376
235
351
353
385
470
446
364
274
365
417
429
419
388
251
319
346
291
335
392
203
282
201
244
354
282
341
442
311
368
371
375
303
411
271
335
399
329
297
331
399
365
370
237
301
481
297
300
292
343
394
344
514
426
428
328
275
250
433
415
363
417
325
338
263
378
520
303
311
288
342
457
240
430
397
402
386
130
359
427
368
244
292
364
455
129
378
408
356
168
340
328
265
274
312
302
281
362
205
173
348
270
280
264
395
259
422
423
337
321
445
270
297
388
380
262
267
357
341
402
250
344
348
355
283
353
353
450
352
323
322
437
283
380
355
435
385
437
340
433
202
390
231
302
446
298
269
250
223
348
495
397
273
233
173
224
256
293
411
384
405
389
308
341
301
307
298
378
328
424
331
303
351
473
327
368
310
227
316
333
269
235
518
430
316
236
304
218
419
274
323
274
256
385
404
277
318
282
345
284
423
404
306
319
369
357
216
393
367
404
465
281
368
289
225
368
372
329
398
330
343
228
278
269
251
296
309
379
402
243
304
332
431
279
354
399
325
347
329
438
198
411
427
331
265
309
283
417
414
359
416
350
212
260
348
410
351
417
254
294
391
257
280
366
299
250
348
383
322
470
306
181
276
410
298
347
294
372
339
341
322
204
333
269
178
347
519
437
423
398
416
282
226
402
249
321
289
434
380
355
416
360
527
239
287
304
366
535
239
307
238
218
181
230
120
466
253
382
494
238
426
226
433
287
277
223
312
113
453
294
321
324
388
244
235
323
198
306
247
441
326
351
286
284
338
255
154
313
282
314
320
304
343
344
316
299
203
257
452
345
414
193
339
541
334
444
455
383
405
394
161
239
342
282
309
242
265
206
233
278
340
252
247
500
144
338
374
481
320
391
337
419
424
376
381
372
320
470
248
212
377
257
365
371
379
400
347
343
339
276
440
292
336
197
234
396
214
366
502
487
278
260
268
441
331
285
272
327
464
408
270
269
325
320
292
466
369
399
374
194
266
377
432
452
221
321
308
229
405
227
357
295
384
204
489
398
323
337
167
346
273
202
355
412
210
415
357
314
289
333
269
201
301
488
427
386
201
295
333
379
316
390
375
311
362
